Standard Error=2.67776387607684E-03
Parameter1=6143.69946039391
Parameter2=498.447134567153
Parameter3=9.69854018377161E-02
Parameter4=719.589503502218
Parameter5=1.8249071381635
Parameter6=315.56739057111
Parameter7=313.257879179356
Parameter8=311.342130163894
Parameter9=310.043399036816
 306.97142     725           719.589503502218 
 307.00283     704           719.589503502218 
 307.03425     688           719.589503502218 
 307.06566     661           719.589503502218 
 307.09707     688           719.589503502218 
 307.12849     738           719.589503502218 
 307.1599      706           719.589503502218 
 307.19131     689           719.589503502218 
 307.22272     683           719.589503502218 
 307.25413     640           719.589503502218 
 307.28554     632           719.589503502218 
 307.31695     669           719.589503502218 
 307.34836     713           719.589503502218 
 307.37977     709           719.589503502218 
 307.41118     704           719.589503502218 
 307.44259     717           719.589503502218 
 307.47399     682           719.589503502218 
 307.5054      666           719.589503502218 
 307.53681     689           719.589503502218 
 307.56821     696           719.589503502218 
 307.59962     675           719.589503502218 
 307.63102     713           719.589503502218 
 307.66243     688           719.589503502218 
 307.69383     659           719.589503502218 
 307.72524     728           719.589503502218 
 307.75664     741           719.589503502218 
 307.78804     705           719.589503502218 
 307.81945     691           719.589503502218 
 307.85085     707           719.589503502218 
 307.88225     725           719.589503502218 
 307.91365     771           720.389818025709 
 307.94505     729           721.721273449954 
 307.97645     681           725.349493014978 
 308.00785     706           729.467654884966 
 308.03925     747           730.289033891332 
 308.07065     817           730.421255619982 
 308.10205     806           733.117660053827 
 308.13344     723           734.992886971602 
 308.16484     673           734.128376104801 
 308.19624     755           737.195788899533 
 308.22763     793           739.869343453063 
 308.25903     763           739.25243230846 
 308.29042     768           741.984403211297 
 308.32182     683           746.160280238424 
 308.35321     704           745.236800908678 
 308.38461     754           748.697400475923 
 308.416       777           753.448085897937 
 308.44739     771           753.072716790104 
 308.47879     768           757.39403747387 
 308.51018     752           762.874503883936 
 308.54157     821           762.676322351602 
 308.57296     805           768.622789692774 
 308.60435     768           774.236310031915 
 308.63574     865           774.585718776336 
 308.66713     832           782.945446281033 
 308.69852     730           787.594334544746 
 308.72991     801           789.721338948006 
 308.7613      811           800.568660811625 
 308.79269     809           803.644397085232 
 308.82407     848           809.850855359712 
 308.85546     906           821.111837288677 
 308.88685     1012          823.262954128873 
 308.91823     1016          835.338193816906 
 308.94962     921           843.223682367738 
 308.981       950           849.828332827274 
 309.01239     1000          868.200455123655 
 309.04377     960           878.373219810326 
 309.07515     946           901.883438845684 
 309.10654     954           914.965007781596 
 309.13792     1024          921.56624336764 
 309.1693      1049          939.390053599841 
 309.20068     992           954.829756443253 
 309.23207     976           971.93748453385 
 309.26345     976           976.474987968917 
 309.29483     987           1001.62834198267 
 309.32621     1003          1019.07243356384 
 309.35759     1072          1031.22129438059 
 309.38896     1120          1042.76597684701 
 309.42034     1059          1072.1910807215 
 309.45172     1186          1084.45962098995 
 309.4831      1152          1095.755998009 
 309.51447     1200          1116.74781175083 
 309.54585     1250          1142.83268105345 
 309.57723     1232          1143.96114753046 
 309.6086      1160          1163.22942292888 
 309.63998     1224          1186.20339835543 
 309.67135     1221          1191.89444582718 
 309.70273     1147          1195.05341117536 
 309.7341      1282          1217.45366406952 
 309.76547     1272          1220.50114940294 
 309.79685     1237          1213.16723589628 
 309.82822     1306          1231.02975171032 
 309.85959     1280          1235.0735921961 
 309.89096     1184          1215.30716432688 
 309.92233     1169          1220.98620135004 
 309.9537      1152          1218.24239113322 
 309.98507     1232          1209.41286565733 
 310.01644     1281          1257.61234712564 
 310.04781     1331          1315.82128202549 
 310.07918     1467          1398.68110844487 
 310.11055     1745          1629.02829991533 
 310.14191     1952          1989.81125931144 
 310.17328     2345          2507.22702896253 
 310.20465     2784          3104.74434362022 
 310.23601     2613          3233.34883063826 
 310.26738     2473          2574.73024990612 
 310.29874     2040          1808.74255285111 
 310.33011     1313          1377.28431097202 
 310.36147     1088          1257.55014745713 
 310.39284     1045          1236.64772620242 
 310.4242      1040          1220.89990319658 
 310.45556     1033          1252.99185875979 
 310.48692     1235          1252.35140877111 
 310.51829     1274          1278.87910096921 
 310.54965     1360          1305.35757939281 
 310.58101     1249          1317.06959122957 
 310.61237     1424          1359.54047710501 
 310.64373     1497          1368.13754626965 
 310.67509     1553          1411.09840387797 
 310.70645     1485          1425.27045771791 
 310.7378      1555          1461.9482946352 
 310.76916     1609          1482.6185817254 
 310.80052     1737          1512.28635658286 
 310.83188     1683          1560.9666551193 
 310.86323     1831          1606.49023091187 
 310.89459     1776          1628.09872839027 
 310.92594     1890          1654.16537737338 
 310.9573      1780          1684.96486691052 
 310.98865     1874          1734.48854632472 
 311.02001     1824          1742.38147344306 
 311.05136     1904          1739.93042222082 
 311.08271     1920          1757.10527310905 
 311.11407     2000          1779.62418963402 
 311.14542     1949          1763.48409153517 
 311.17677     1952          1738.56645657378 
 311.20812     1809          1738.50962773081 
 311.23947     1843          1746.91117861568 
 311.27082     1811          1737.35750838964 
 311.30217     1833          1799.03730534395 
 311.33352     2120          1967.64886043064 
 311.36487     2507          2188.83164812722 
 311.39622     2752          2640.61536025064 
 311.42756     3528          3552.92470521219 
 311.45891     5146          4913.4573655027 
 311.49026     5704          6095.26270515868 
 311.52161     5440          5821.58272256565 
 311.55295     4160          3958.88051370617 
 311.5843      2457          2283.97492648771 
 311.61564     1713          1478.38609393847 
 311.64699     1435          1256.60981873334 
 311.67833     1297          1222.93364975597 
 311.70967     1200          1151.39999640242 
 311.74102     1067          1137.78962242457 
 311.77236     1045          1191.16951953809 
 311.8037      1223          1170.60645824102 
 311.83504     1248          1157.02791866625 
 311.86638     1264          1228.79811530457 
 311.89772     1296          1238.42347260382 
 311.92906     1282          1222.71803650534 
 311.9604      1250          1302.09833879005 
 311.99174     1249          1328.83188430899 
 312.02308     1331          1314.99266224153 
 312.05442     1145          1406.41823057616 
 312.08576     1035          1437.24407085115 
 312.11709     969           1431.65744951427 
 312.14843     1017          1535.76451158533 
 312.17976     1073          1556.61436967628 
 312.2111      1136          1574.80199166811 
 312.24244     1248          1689.25797647194 
 312.27377     1592          1690.13601847549 
 312.3051      1600          1746.8765374705 
 312.33644     1562          1843.3501414752 
 312.36777     1811          1838.12601269837 
 312.3991      1689          1945.33097046064 
 312.43044     1977          1991.23563195615 
 312.46177     2073          2031.38615429982 
 312.4931      2064          2142.55669658517 
 312.52443     2181          2152.47428775283 
 312.55576     2192          2261.82039767267 
 312.58709     2473          2300.08164931751 
 312.61842     2419          2370.94526422036 
 312.64975     2592          2446.73144571036 
 312.68108     2688          2488.16790153405 
 312.7124      2985          2585.48595998551 
 312.74373     2659          2629.5424178677 
 312.77506     3141          2743.12659687674 
 312.80638     2881          2784.94437163435 
 312.83771     3305          2872.22652615745 
 312.86903     3079          2891.6976505556 
 312.90036     3387          2961.41821674423 
 312.93168     3248          2986.25842128745 
 312.96301     3385          3017.8900615582 
 312.99433     3384          3037.03928106941 
 313.02565     3272          3034.37524536635 
 313.05698     3225          3098.14914936986 
 313.0883      3184          3096.72833309702 
 313.11962     3200          3044.481169974 
 313.15094     2888          3026.0735589842 
 313.18226     2721          3083.08062066763 
 313.21358     3089          3275.82340212926 
 313.2449      3632          3593.24217133552 
 313.27622     3913          4063.57344051669 
 313.30754     4171          5153.61034778418 
 313.33886     6824          7265.17467589546 
 313.37017     11093         10315.6377065646 
 313.40149     13312         13026.7303751396 
 313.43281     11872         12333.1804945255 
 313.46412     8066          7857.4136889556 
 313.49544     3875          3911.20452870967 
 313.52675     2168          2099.39762694993 
 313.55807     1616          1570.85529309508 
 313.58938     1379          1406.21160318489 
 313.62069     1272          1255.38636981858 
 313.65201     1121          1184.54813797441 
 313.68332     1225          1222.4250182636 
 313.71463     1363          1203.31860025932 
 313.74594     1299          1132.98029815433 
 313.77725     1189          1153.69260902824 
 313.80857     1409          1233.12024689127 
 313.83988     1397          1192.39412814686 
 313.87119     1237          1160.69189405042 
 313.90249     1397          1255.20350715171 
 313.9338      1459          1298.45173922729 
 313.96511     1392          1233.85064979655 
 313.99642     1384          1287.42307512714 
 314.02773     1601          1408.97562278766 
 314.05903     1544          1366.47174106652 
 314.09034     1449          1361.88907061654 
 314.12164     1696          1511.32504903156 
 314.15295     1720          1522.90257954764 
 314.18425     1761          1483.08685073544 
 314.21556     1867          1630.3042160157 
 314.24686     1968          1699.84172948054 
 314.27816     1827          1642.31367751015 
 314.30947     1929          1781.98536700472 
 314.34077     1893          1899.19600888386 
 314.37207     1990          1839.81191144783 
 314.40337     2112          1981.58388340716 
 314.43467     2041          2114.20001160961 
 314.46597     2256          2069.82595609827 
 314.49727     2515          2232.2767936024 
 314.52857     2645          2353.59531284673 
 314.55987     2837          2325.79966785457 
 314.59117     2571          2522.67901928525 
 314.62247     2544          2592.97996567756 
 314.65376     2866          2612.19119167014 
 314.68506     2640          2831.80163554618 
 314.71635     3000          2838.54254797801 
 314.74765     3008          2955.86411673565 
 314.77895     2901          3123.4881549897 
 314.81024     3355          3125.70150695683 
 314.84153     3173          3333.53715698863 
 314.87283     3555          3376.21180296814 
 314.90412     3424          3498.03771180728 
 314.93541     3579          3639.26390136433 
 314.96671     3680          3692.08132424758 
 314.998       3803          3896.62816420691 
 315.02929     3808          3962.24292815351 
 315.06058     3984          4159.43312282621 
 315.09187     3936          4166.35137650837 
 315.12316     4274          4345.48923082495 
 315.15445     4211          4405.5514740858 
 315.18574     4560          4504.84013794857 
 315.21702     4144          4559.39083995821 
 315.24831     4581          4657.51721241697 
 315.2796      4352          4664.11604179769 
 315.31089     4723          4720.44460062651 
 315.34217     4512          4724.92289646426 
 315.37346     4657          4708.96248050079 
 315.40474     4352          4693.1752646377 
 315.43603     4553          4652.86976859162 
 315.46731     4480          4637.92155802799 
 315.4986      4409          4762.04250281874 
 315.52988     4896          5133.87296249533 
 315.56116     5897          5755.35522104502 
 315.59244     7160          6714.87008066873 
 315.62372     8713          8821.08135629444 
 315.65501     12328         12734.7289637471 
 315.68629     18512         18165.3091425584 
 315.71757     22176         22114.8703671349 
 315.74885     19232         19233.2254901564 
 315.78012     11128         11091.1738959828 
 315.8114      5027          5060.75953319645 
 315.84268     2605          2522.92470170133 
 315.87396     1586          1714.38929108093 
 315.90524     1176          1400.48152508107 
 315.93651     984           1230.84323593193 
 315.96779     987           1119.55667651035 
 315.99906     949           1036.95584118631 
 316.03034     1003          981.04358985665 
 316.06161     984           934.202073457068 
 316.09289     952           896.959515866693 
 316.12416     873           872.651041553334 
 316.15543     841           847.840701329015 
 316.18671     827           832.553477203349 
 316.21798     792           814.838729578006 
 316.24925     810           799.454754702812 
 316.28052     832           791.505573971723 
 316.31179     785           779.753014734456 
 316.34306     840           769.355697688684 
 316.37433     777           760.176904816457 
 316.4056      784           756.886455106755 
 316.43687     775           749.602470663526 
 316.46814     742           743.215728763947 
 316.4994      728           733.942951004767 
 316.53067     773           729.695829269911 
 316.56194     757           723.864994951829 
 316.5932      709           719.589503502218 
 316.62447     705           719.589503502218 
 316.65573     736           719.589503502218 
 316.687       715           719.589503502218 
 316.71826     728           719.589503502218 
 316.74952     730           719.589503502218 
 316.78079     737           719.589503502218 
 316.81205     737           719.589503502218 
 316.84331     704           719.589503502218 
 316.87457     725           719.589503502218 
 316.90583     673           719.589503502218 
 316.93709     681           719.589503502218 
 316.96835     680           719.589503502218 
 316.99961     679           719.589503502218 
 317.03087     688           719.589503502218 
 317.06213     699           719.589503502218 
 317.09339     696           719.589503502218 
 317.12464     681           719.589503502218 
 317.1559      705           719.589503502218 
 317.18716     696           719.589503502218 
 317.21841     698           719.589503502218 
 317.24967     681           719.589503502218 
 317.28092     688           719.589503502218 
 317.29745     667           719.589503502218 
 317.32893     653           719.589503502218 
 317.36041     704           719.589503502218 
 317.39189     699           719.589503502218 
 317.42337     664           719.589503502218 
 317.45485     707           719.589503502218 
 317.48633     690           719.589503502218 
 317.51781     691           719.589503502218 
 317.54929     688           719.589503502218 
 317.58076     704           719.589503502218 
 317.61224     683           719.589503502218 
 317.64372     693           719.589503502218 
 317.6752      651           719.589503502218 
 317.70667     661           719.589503502218 
 317.73815     680           719.589503502218 
 317.76962     648           719.589503502218 
 317.8011      699           719.589503502218 
 317.83257     675           719.589503502218 
 317.86405     672           719.589503502218 
 317.89552     665           719.589503502218 
 317.927       673           719.589503502218 
 317.95847     673           719.589503502218 
 317.98994     643           719.589503502218 
 318.02141     705           719.589503502218 
 318.05289     677           719.589503502218 
 318.08436     656           719.589503502218 
 318.11583     683           719.589503502218 
 318.1473      672           719.589503502218 
 318.17877     696           719.589503502218 
 318.21024     649           719.589503502218 
 318.24171     669           719.589503502218 
 318.27318     673           719.589503502218 
 318.30465     649           719.589503502218 
 318.33612     704           719.589503502218 
 318.36759     711           719.589503502218 
 318.39905     667           719.589503502218 
 318.43052     648           719.589503502218 
 318.46199     672           719.589503502218 
 318.49345     658           719.589503502218 
 318.52492     673           719.589503502218 
 318.55639     691           719.589503502218 
 318.58785     642           719.589503502218 
 318.61932     681           719.589503502218 
 318.65078     690           719.589503502218 
 318.68225     667           719.589503502218 
 318.71371     689           719.589503502218 
 318.74517     672           719.589503502218 
 318.77664     641           719.589503502218 
 318.8081      691           719.589503502218 
 318.83956     656           719.589503502218 
 318.87102     656           719.589503502218 
 318.90248     661           719.589503502218 
 318.93395     648           719.589503502218 
 318.96541     645           719.589503502218 
 318.99687     683           719.589503502218 
 319.02833     665           719.589503502218 
 319.05979     666           719.589503502218 
 319.09125     669           719.589503502218 
 319.1227      658           719.589503502218 
 319.15416     667           719.589503502218 
 319.18562     673           719.589503502218 
 319.21708     648           719.589503502218 
 319.24853     698           719.589503502218 
 319.27999     649           719.589503502218 
 319.31145     664           719.589503502218 
 319.3429      690           719.589503502218 
 319.37436     667           719.589503502218 
 319.40581     625           719.589503502218 
 319.43727     658           719.589503502218 
 319.46872     664           719.589503502218 
 319.50018     645           719.589503502218 
 319.53163     696           719.589503502218 
 319.56308     689           719.589503502218 
 319.59454     666           719.589503502218 
 319.62599     665           719.589503502218 
 319.65744     651           719.589503502218 
 319.68889     691           719.589503502218 
 319.72034     648           719.589503502218 
 319.75179     651           719.589503502218 
 319.78324     646           719.589503502218 
 319.81469     682           719.589503502218 
 319.84614     665           719.589503502218 
 319.87759     689           719.589503502218 
 319.90904     707           719.589503502218 
 319.94049     658           719.589503502218 
 319.97194     673           719.589503502218 
 320.00339     689           719.589503502218 
