  Standard Error= .345357E-02
  Parameter 1= .673421E+04
  Parameter 2= .614526E+03
  Parameter 3= .138855E-03
  Parameter 4= .693110E+03
  Parameter 5= .123704E+00
  Parameter 6= .336921E+03
  Parameter 7= .333697E+03
  Parameter 8= .330788E+03
  Parameter 9= .328350E+03
  Parameter10= .326612E+03
   .324009E+03   .618000E+03   .697660E+03
   .324041E+03   .600000E+03   .696808E+03
   .324072E+03   .601000E+03   .696977E+03
   .324103E+03   .571000E+03   .697906E+03
   .324135E+03   .640000E+03   .700263E+03
   .324166E+03   .595000E+03   .701183E+03
   .324197E+03   .592000E+03   .700493E+03
   .324229E+03   .633000E+03   .701957E+03
   .324260E+03   .610000E+03   .710822E+03
   .324291E+03   .577000E+03   .716848E+03
   .324323E+03   .595000E+03   .712958E+03
   .324354E+03   .619000E+03   .724587E+03
   .324385E+03   .624000E+03   .733641E+03
   .324417E+03   .635000E+03   .733658E+03
   .324448E+03   .656000E+03   .744107E+03
   .324480E+03   .705000E+03   .746944E+03
   .324511E+03   .659000E+03   .750071E+03
   .324542E+03   .640000E+03   .748275E+03
   .324574E+03   .637000E+03   .756176E+03
   .324605E+03   .666000E+03   .756632E+03
   .324636E+03   .696000E+03   .760890E+03
   .324668E+03   .699000E+03   .768322E+03
   .324699E+03   .714000E+03   .767069E+03
   .324730E+03   .736000E+03   .771555E+03
   .324762E+03   .707000E+03   .775716E+03
   .324793E+03   .727000E+03   .789068E+03
   .324824E+03   .699000E+03   .779359E+03
   .324856E+03   .713000E+03   .787537E+03
   .324887E+03   .715000E+03   .804489E+03
   .324918E+03   .744000E+03   .791284E+03
   .324950E+03   .752000E+03   .800646E+03
   .324981E+03   .714000E+03   .813014E+03
   .325012E+03   .752000E+03   .838209E+03
   .325044E+03   .787000E+03   .803016E+03
   .325075E+03   .775000E+03   .812907E+03
   .325106E+03   .777000E+03   .866239E+03
   .325138E+03   .768000E+03   .824175E+03
   .325169E+03   .752000E+03   .846443E+03
   .325201E+03   .794000E+03   .877831E+03
   .325232E+03   .832000E+03   .844179E+03
   .325263E+03   .817000E+03   .858845E+03
   .325295E+03   .832000E+03   .894094E+03
   .325326E+03   .817000E+03   .893734E+03
   .325357E+03   .833000E+03   .875690E+03
   .325389E+03   .869000E+03   .903373E+03
   .325420E+03   .866000E+03   .920776E+03
   .325451E+03   .835000E+03   .910604E+03
   .325483E+03   .848000E+03   .952018E+03
   .325514E+03   .896000E+03   .937626E+03
   .325545E+03   .929000E+03   .933246E+03
   .325577E+03   .929000E+03   .987004E+03
   .325608E+03   .904000E+03   .970593E+03
   .325639E+03   .949000E+03   .100192E+04
   .325671E+03   .100000E+04   .977876E+03
   .325702E+03   .962000E+03   .988980E+03
   .325733E+03   .103500E+04   .106922E+04
   .325765E+03   .920000E+03   .986620E+03
   .325796E+03   .102700E+04   .106813E+04
   .325827E+03   .985000E+03   .102764E+04
   .325859E+03   .101900E+04   .103502E+04
   .325890E+03   .103300E+04   .116327E+04
   .325921E+03   .104300E+04   .100948E+04
   .325953E+03   .108800E+04   .117690E+04
   .325984E+03   .984000E+03   .104653E+04
   .326015E+03   .110400E+04   .114042E+04
   .326047E+03   .100800E+04   .114587E+04
   .326078E+03   .110700E+04   .111108E+04
   .326109E+03   .113600E+04   .118633E+04
   .326141E+03   .108800E+04   .115190E+04
   .326172E+03   .117300E+04   .122598E+04
   .326203E+03   .107400E+04   .121029E+04
   .326234E+03   .115200E+04   .124773E+04
   .326266E+03   .115400E+04   .125141E+04
   .326297E+03   .121100E+04   .130883E+04
   .326328E+03   .124000E+04   .128330E+04
   .326360E+03   .123300E+04   .126477E+04
   .326391E+03   .118400E+04   .134121E+04
   .326422E+03   .123200E+04   .130095E+04
   .326454E+03   .123200E+04   .132822E+04
   .326485E+03   .125100E+04   .130979E+04
   .326516E+03   .128000E+04   .135854E+04
   .326548E+03   .136100E+04   .139843E+04
   .326579E+03   .151500E+04   .150004E+04
   .326610E+03   .167400E+04   .167669E+04
   .326642E+03   .202500E+04   .191148E+04
   .326673E+03   .234300E+04   .230002E+04
   .326704E+03   .299200E+04   .278931E+04
   .326736E+03   .288000E+04   .295658E+04
   .326767E+03   .297600E+04   .259620E+04
   .326798E+03   .256200E+04   .236347E+04
   .326830E+03   .214400E+04   .206002E+04
   .326861E+03   .143300E+04   .156076E+04
   .326892E+03   .100900E+04   .113507E+04
   .326924E+03   .891000E+03   .102263E+04
   .326955E+03   .861000E+03   .100837E+04
   .326986E+03   .789000E+03   .934469E+03
   .327018E+03   .809000E+03   .938316E+03
   .327049E+03   .760000E+03   .100166E+04
   .327080E+03   .760000E+03   .920191E+03
   .327111E+03   .664000E+03   .942016E+03
   .327143E+03   .705000E+03   .994879E+03
   .327174E+03   .733000E+03   .955469E+03
   .327205E+03   .776000E+03   .958013E+03
   .327237E+03   .832000E+03   .997060E+03
   .327268E+03   .811000E+03   .995468E+03
   .327299E+03   .832000E+03   .973101E+03
   .327331E+03   .937000E+03   .102667E+04
   .327362E+03   .898000E+03   .103268E+04
   .327393E+03   .976000E+03   .101025E+04
   .327425E+03   .976000E+03   .106986E+04
   .327456E+03   .955000E+03   .104731E+04
   .327487E+03   .102700E+04   .106529E+04
   .327518E+03   .100900E+04   .109976E+04
   .327550E+03   .107500E+04   .107805E+04
   .327581E+03   .108300E+04   .114346E+04
   .327612E+03   .108100E+04   .107540E+04
   .327644E+03   .120400E+04   .114575E+04
   .327675E+03   .103200E+04   .116481E+04
   .327706E+03   .113900E+04   .112019E+04
   .327738E+03   .108900E+04   .126812E+04
   .327769E+03   .115500E+04   .109520E+04
   .327800E+03   .124900E+04   .129535E+04
   .327832E+03   .118900E+04   .116382E+04
   .327863E+03   .126900E+04   .124972E+04
   .327894E+03   .118900E+04   .125500E+04
   .327925E+03   .126900E+04   .123246E+04
   .327957E+03   .128800E+04   .132050E+04
   .327988E+03   .137600E+04   .126860E+04
   .328019E+03   .131200E+04   .134640E+04
   .328051E+03   .133900E+04   .128789E+04
   .328082E+03   .138200E+04   .135314E+04
   .328113E+03   .133100E+04   .131466E+04
   .328145E+03   .143500E+04   .135248E+04
   .328176E+03   .136300E+04   .138346E+04
   .328207E+03   .134400E+04   .136319E+04
   .328238E+03   .135500E+04   .136923E+04
   .328270E+03   .127300E+04   .141605E+04
   .328301E+03   .127300E+04   .149846E+04
   .328332E+03   .137700E+04   .167566E+04
   .328364E+03   .165900E+04   .185976E+04
   .328395E+03   .217900E+04   .217981E+04
   .328426E+03   .287500E+04   .262932E+04
   .328457E+03   .328200E+04   .325888E+04
   .328489E+03   .314700E+04   .291586E+04
   .328520E+03   .264400E+04   .257433E+04
   .328551E+03   .199200E+04   .206966E+04
   .328583E+03   .124300E+04   .137945E+04
   .328614E+03   .953000E+03   .100143E+04
   .328645E+03   .805000E+03   .876319E+03
   .328677E+03   .784000E+03   .824240E+03
   .328708E+03   .781000E+03   .807053E+03
   .328739E+03   .706000E+03   .792451E+03
   .328770E+03   .746000E+03   .776139E+03
   .328802E+03   .713000E+03   .759774E+03
   .328833E+03   .747000E+03   .767417E+03
   .328864E+03   .723000E+03   .765646E+03
   .328896E+03   .787000E+03   .760799E+03
   .328927E+03   .756000E+03   .748946E+03
   .328958E+03   .736000E+03   .760347E+03
   .328989E+03   .728000E+03   .759304E+03
   .329021E+03   .742000E+03   .757483E+03
   .329052E+03   .819000E+03   .748606E+03
   .329083E+03   .801000E+03   .760087E+03
   .329115E+03   .849000E+03   .762004E+03
   .329146E+03   .899000E+03   .762344E+03
   .329177E+03   .883000E+03   .756736E+03
   .329208E+03   .883000E+03   .761777E+03
   .329240E+03   .965000E+03   .765633E+03
   .329271E+03   .954000E+03   .767492E+03
   .329302E+03   .880000E+03   .770809E+03
   .329333E+03   .931000E+03   .765438E+03
   .329365E+03   .912000E+03   .773297E+03
   .329396E+03   .800000E+03   .781438E+03
   .329427E+03   .763000E+03   .781997E+03
   .329459E+03   .713000E+03   .773696E+03
   .329490E+03   .713000E+03   .779525E+03
   .329521E+03   .691000E+03   .803424E+03
   .329552E+03   .705000E+03   .778559E+03
   .329584E+03   .736000E+03   .788632E+03
   .329615E+03   .784000E+03   .811557E+03
   .329646E+03   .864000E+03   .796107E+03
   .329678E+03   .807000E+03   .796928E+03
   .329709E+03   .864000E+03   .812906E+03
   .329740E+03   .906000E+03   .823514E+03
   .329771E+03   .817000E+03   .800506E+03
   .329803E+03   .871000E+03   .816618E+03
   .329834E+03   .865000E+03   .841038E+03
   .329865E+03   .912000E+03   .812167E+03
   .329896E+03   .930000E+03   .838976E+03
   .329928E+03   .867000E+03   .854584E+03
   .329959E+03   .816000E+03   .826735E+03
   .329990E+03   .864000E+03   .854548E+03
   .330022E+03   .785000E+03   .852372E+03
   .330053E+03   .795000E+03   .855459E+03
   .330084E+03   .851000E+03   .873436E+03
   .330115E+03   .869000E+03   .867559E+03
   .330147E+03   .880000E+03   .892828E+03
   .330178E+03   .838000E+03   .857950E+03
   .330209E+03   .880000E+03   .895893E+03
   .330240E+03   .858000E+03   .888083E+03
   .330272E+03   .915000E+03   .890957E+03
   .330303E+03   .853000E+03   .928156E+03
   .330334E+03   .897000E+03   .875029E+03
   .330366E+03   .962000E+03   .955928E+03
   .330397E+03   .928000E+03   .893221E+03
   .330428E+03   .920000E+03   .959304E+03
   .330459E+03   .896000E+03   .916619E+03
   .330491E+03   .928000E+03   .944767E+03
   .330522E+03   .960000E+03   .933439E+03
   .330553E+03   .968000E+03   .949540E+03
   .330584E+03   .102900E+04   .959907E+03
   .330616E+03   .985000E+03   .974931E+03
   .330647E+03   .952000E+03   .969259E+03
   .330678E+03   .899000E+03   .961194E+03
   .330709E+03   .890000E+03   .980420E+03
   .330741E+03   .928000E+03   .100944E+04
   .330772E+03   .105600E+04   .108623E+04
   .330803E+03   .123500E+04   .116014E+04
   .330834E+03   .136200E+04   .125740E+04
   .330866E+03   .155400E+04   .142209E+04
   .330897E+03   .176000E+04   .166998E+04
   .330928E+03   .172000E+04   .158168E+04
   .330959E+03   .145800E+04   .136908E+04
   .330991E+03   .114500E+04   .113845E+04
   .331022E+03   .936000E+03   .875669E+03
   .331053E+03   .859000E+03   .806705E+03
   .331084E+03   .733000E+03   .788092E+03
   .331116E+03   .683000E+03   .764411E+03
   .331147E+03   .681000E+03   .738485E+03
   .331178E+03   .667000E+03   .731686E+03
   .331209E+03   .721000E+03   .742808E+03
   .331241E+03   .753000E+03   .746230E+03
   .331272E+03   .696000E+03   .744632E+03
   .331303E+03   .683000E+03   .739766E+03
   .331334E+03   .683000E+03   .738041E+03
   .331366E+03   .704000E+03   .745253E+03
   .331397E+03   .707000E+03   .745214E+03
   .331428E+03   .755000E+03   .735959E+03
   .331459E+03   .785000E+03   .724814E+03
   .331491E+03   .757000E+03   .743405E+03
   .331522E+03   .704000E+03   .768082E+03
   .331553E+03   .656000E+03   .765492E+03
   .331584E+03   .696000E+03   .737137E+03
   .331616E+03   .765000E+03   .732618E+03
   .331647E+03   .848000E+03   .753802E+03
   .331678E+03   .770000E+03   .759191E+03
   .331709E+03   .773000E+03   .759654E+03
   .331741E+03   .707000E+03   .763784E+03
   .331772E+03   .667000E+03   .783118E+03
   .331803E+03   .672000E+03   .770143E+03
   .331834E+03   .760000E+03   .763454E+03
   .331866E+03   .833000E+03   .746813E+03
   .331897E+03   .763000E+03   .766271E+03
   .331928E+03   .681000E+03   .786399E+03
   .331959E+03   .688000E+03   .812236E+03
   .331991E+03   .737000E+03   .791152E+03
   .332022E+03   .729000E+03   .780376E+03
   .332053E+03   .866000E+03   .781542E+03
   .332084E+03   .902000E+03   .784768E+03
   .332116E+03   .753000E+03   .784112E+03
   .332147E+03   .742000E+03   .822600E+03
   .332178E+03   .696000E+03   .846878E+03
   .332209E+03   .769000E+03   .823486E+03
   .332241E+03   .837000E+03   .800385E+03
   .332272E+03   .928000E+03   .812093E+03
   .332303E+03   .896000E+03   .812189E+03
   .332334E+03   .805000E+03   .825179E+03
   .332365E+03   .771000E+03   .880887E+03
   .332397E+03   .769000E+03   .884075E+03
   .332428E+03   .929000E+03   .849292E+03
   .332459E+03   .100300E+04   .837611E+03
   .332490E+03   .937000E+03   .852331E+03
   .332522E+03   .867000E+03   .842851E+03
   .332553E+03   .769000E+03   .890314E+03
   .332584E+03   .817000E+03   .972117E+03
   .332615E+03   .954000E+03   .900432E+03
   .332647E+03   .110900E+04   .873189E+03
   .332678E+03   .109600E+04   .892637E+03
   .332709E+03   .931000E+03   .881505E+03
   .332740E+03   .880000E+03   .922305E+03
   .332771E+03   .848000E+03   .101137E+04
   .332803E+03   .104000E+04   .100470E+04
   .332834E+03   .112400E+04   .923389E+03
   .332865E+03   .106500E+04   .924821E+03
   .332896E+03   .960000E+03   .934947E+03
   .332928E+03   .891000E+03   .965348E+03
   .332959E+03   .912000E+03   .108620E+04
   .332990E+03   .115700E+04   .108548E+04
   .333021E+03   .133000E+04   .100894E+04
   .333052E+03   .119000E+04   .969918E+03
   .333084E+03   .104100E+04   .978990E+03
   .333115E+03   .925000E+03   .105335E+04
   .333146E+03   .100200E+04   .113554E+04
   .333177E+03   .129900E+04   .121333E+04
   .333209E+03   .130400E+04   .105198E+04
   .333240E+03   .118900E+04   .104075E+04
   .333271E+03   .100200E+04   .105388E+04
   .333302E+03   .109100E+04   .108779E+04
   .333333E+03   .115200E+04   .130417E+04
   .333365E+03   .158600E+04   .125873E+04
   .333396E+03   .141100E+04   .117296E+04
   .333427E+03   .117900E+04   .108611E+04
   .333458E+03   .108800E+04   .112655E+04
   .333490E+03   .113600E+04   .123516E+04
   .333521E+03   .146400E+04   .140423E+04
   .333552E+03   .156800E+04   .137250E+04
   .333583E+03   .138100E+04   .121447E+04
   .333614E+03   .116900E+04   .117897E+04
   .333646E+03   .120800E+04   .124471E+04
   .333677E+03   .164800E+04   .153116E+04
   .333708E+03   .203200E+04   .173241E+04
   .333739E+03   .196200E+04   .171474E+04
   .333771E+03   .174900E+04   .173098E+04
   .333802E+03   .198500E+04   .204408E+04
   .333833E+03   .211700E+04   .222046E+04
   .333864E+03   .236900E+04   .216561E+04
   .333895E+03   .183500E+04   .181785E+04
   .333927E+03   .122700E+04   .120931E+04
   .333958E+03   .109900E+04   .101120E+04
   .333989E+03   .116800E+04   .105476E+04
   .334020E+03   .167300E+04   .136954E+04
   .334051E+03   .171500E+04   .145192E+04
   .334083E+03   .121800E+04   .122573E+04
   .334114E+03   .104700E+04   .996252E+03
   .334145E+03   .132300E+04   .103937E+04
   .334176E+03   .184900E+04   .139518E+04
   .334207E+03   .181400E+04   .157596E+04
   .334239E+03   .134700E+04   .143450E+04
   .334270E+03   .114100E+04   .108283E+04
   .334301E+03   .151500E+04   .109737E+04
   .334332E+03   .202900E+04   .149499E+04
   .334363E+03   .200300E+04   .172432E+04
   .334395E+03   .148300E+04   .162221E+04
   .334426E+03   .135700E+04   .119277E+04
   .334457E+03   .182900E+04   .120416E+04
   .334488E+03   .217300E+04   .170090E+04
   .334519E+03   .211400E+04   .191346E+04
   .334551E+03   .145900E+04   .178478E+04
   .334582E+03   .153100E+04   .130322E+04
   .334613E+03   .235500E+04   .138873E+04
   .334644E+03   .238500E+04   .199892E+04
   .334675E+03   .192900E+04   .213588E+04
   .334707E+03   .153600E+04   .189275E+04
   .334738E+03   .222400E+04   .142706E+04
   .334769E+03   .252100E+04   .175833E+04
   .334800E+03   .248200E+04   .224755E+04
   .334831E+03   .175400E+04   .231147E+04
   .334863E+03   .217900E+04   .187862E+04
   .334894E+03   .286400E+04   .167008E+04
   .334925E+03   .286400E+04   .241833E+04
   .334956E+03   .230900E+04   .258476E+04
   .334987E+03   .227200E+04   .247817E+04
   .335019E+03   .296400E+04   .188209E+04
   .335050E+03   .297600E+04   .237041E+04
   .335081E+03   .272500E+04   .272277E+04
   .335112E+03   .242600E+04   .278955E+04
   .335143E+03   .318600E+04   .236505E+04
   .335175E+03   .335300E+04   .244419E+04
   .335206E+03   .315200E+04   .300651E+04
   .335237E+03   .284100E+04   .313717E+04
   .335268E+03   .335300E+04   .291885E+04
   .335299E+03   .364900E+04   .273100E+04
   .335331E+03   .352100E+04   .333003E+04
   .335362E+03   .326400E+04   .346364E+04
   .335393E+03   .376300E+04   .336428E+04
   .335424E+03   .392000E+04   .323011E+04
   .335455E+03   .383200E+04   .360930E+04
   .335486E+03   .386100E+04   .377093E+04
   .335518E+03   .382400E+04   .379099E+04
   .335549E+03   .423000E+04   .398087E+04
   .335580E+03   .416300E+04   .384122E+04
   .335611E+03   .413100E+04   .402372E+04
   .335642E+03   .439300E+04   .435140E+04
   .335674E+03   .500000E+04   .471026E+04
   .335705E+03   .488000E+04   .428216E+04
   .335736E+03   .460200E+04   .434697E+04
   .335767E+03   .531400E+04   .529519E+04
   .335798E+03   .607200E+04   .460709E+04
   .335829E+03   .499500E+04   .484860E+04
   .335861E+03   .587300E+04   .554522E+04
   .335892E+03   .707200E+04   .564229E+04
   .335923E+03   .543200E+04   .512610E+04
   .335954E+03   .624800E+04   .539007E+04
   .335985E+03   .780000E+04   .682056E+04
   .336017E+03   .613600E+04   .538224E+04
   .336048E+03   .646400E+04   .574965E+04
   .336079E+03   .780800E+04   .762917E+04
   .336110E+03   .584500E+04   .586266E+04
   .336141E+03   .699200E+04   .638450E+04
   .336172E+03   .773900E+04   .790282E+04
   .336204E+03   .620100E+04   .651629E+04
   .336235E+03   .772100E+04   .724669E+04
   .336266E+03   .728900E+04   .783605E+04
   .336297E+03   .721900E+04   .747097E+04
   .336328E+03   .784900E+04   .812712E+04
   .336359E+03   .755700E+04   .800650E+04
   .336391E+03   .838700E+04   .885054E+04
   .336422E+03   .741600E+04   .784666E+04
   .336453E+03   .887500E+04   .923613E+04
   .336484E+03   .763200E+04   .882029E+04
   .336515E+03   .889700E+04   .873246E+04
   .336546E+03   .779200E+04   .102047E+05
   .336578E+03   .892000E+04   .857272E+04
   .336609E+03   .876000E+04   .110056E+05
   .336640E+03   .942800E+04   .913710E+04
   .336671E+03   .929600E+04   .109239E+05
   .336702E+03   .966400E+04   .100073E+05
   .336733E+03   .976800E+04   .108894E+05
   .336765E+03   .101280E+05   .106875E+05
   .336796E+03   .103240E+05   .114436E+05
   .336827E+03   .106320E+05   .113511E+05
   .336858E+03   .115520E+05   .119060E+05
   .336889E+03   .138440E+05   .136748E+05
   .336920E+03   .159040E+05   .162917E+05
   .336952E+03   .179360E+05   .190334E+05
   .336983E+03   .231680E+05   .232426E+05
   .337014E+03   .325040E+05   .307974E+05
   .337045E+03   .408480E+05   .404363E+05
   .337076E+03   .356640E+05   .351078E+05
   .337107E+03   .232880E+05   .229182E+05
   .337139E+03   .105680E+05   .103602E+05
   .337170E+03   .545600E+04   .500297E+04
   .337201E+03   .270900E+04   .321877E+04
   .337232E+03   .157100E+04   .239426E+04
   .337263E+03   .124000E+04   .193464E+04
   .337294E+03   .119300E+04   .164807E+04
   .337326E+03   .109700E+04   .145544E+04
   .337357E+03   .101300E+04   .131890E+04
   .337388E+03   .987000E+03   .121786E+04
   .337419E+03   .976000E+03   .114073E+04
   .337450E+03   .947000E+03   .108040E+04
   .337481E+03   .954000E+03   .103215E+04
   .337512E+03   .889000E+03   .992875E+03
   .337544E+03   .881000E+03   .960349E+03
   .337575E+03   .889000E+03   .933169E+03
   .337606E+03   .851000E+03   .910156E+03
   .337637E+03   .848000E+03   .890472E+03
   .337668E+03   .857000E+03   .873445E+03
   .337699E+03   .897000E+03   .858649E+03
   .337730E+03   .805000E+03   .845675E+03
   .337762E+03   .789000E+03   .834273E+03
   .337793E+03   .725000E+03   .824173E+03
   .337824E+03   .768000E+03   .815112E+03
   .337855E+03   .737000E+03   .806999E+03
   .337886E+03   .715000E+03   .799707E+03
   .337917E+03   .736000E+03   .793154E+03
   .337948E+03   .693000E+03   .787158E+03
   .337980E+03   .710000E+03   .781701E+03
   .338011E+03   .681000E+03   .776721E+03
   .338042E+03   .733000E+03   .772214E+03
   .338073E+03   .693000E+03   .768073E+03
   .338104E+03   .667000E+03   .764192E+03
   .338135E+03   .715000E+03   .760617E+03
   .338167E+03   .739000E+03   .757308E+03
   .338198E+03   .672000E+03   .754296E+03
   .338229E+03   .653000E+03   .751417E+03
   .338260E+03   .625000E+03   .748747E+03
   .338291E+03   .643000E+03   .746256E+03
   .338322E+03   .633000E+03   .743992E+03
   .338353E+03   .665000E+03   .741783E+03
   .338384E+03   .664000E+03   .739722E+03
   .338416E+03   .666000E+03   .737791E+03
   .338447E+03   .635000E+03   .736044E+03
   .338478E+03   .656000E+03   .734298E+03
   .338509E+03   .680000E+03   .732665E+03
   .338540E+03   .665000E+03   .731129E+03
   .338571E+03   .664000E+03   .729751E+03
