467
324.00924	618
324.0406	600
324.07195	601
324.10331	571
324.13467	640
324.16602	595
324.19738	592
324.22873	633
324.26009	610
324.29144	577
324.32279	595
324.35415	619
324.3855	624
324.41685	635
324.4482	656
324.47955	705
324.5109	659
324.54226	640
324.57361	637
324.60495	666
324.6363	696
324.66765	699
324.699	714
324.73035	736
324.76169	707
324.79304	727
324.82439	699
324.85573	713
324.88708	715
324.91842	744
324.94977	752
324.98111	714
325.01246	752
325.0438	787
325.07514	775
325.10648	777
325.13783	768
325.16917	752
325.20051	794
325.23185	832
325.26319	817
325.29453	832
325.32587	817
325.35721	833
325.38854	869
325.41988	866
325.45122	835
325.48256	848
325.51389	896
325.54523	929
325.57656	929
325.6079	904
325.63923	949
325.67057	1000
325.7019	962
325.73323	1035
325.76457	920
325.7959	1027
325.82723	985
325.85856	1019
325.88989	1033
325.92122	1043
325.95255	1088
325.98388	984
326.01521	1104
326.04654	1008
326.07787	1107
326.1092	1136
326.14052	1088
326.17185	1173
326.20318	1074
326.2345	1152
326.26583	1154
326.29715	1211
326.32848	1240
326.3598	1233
326.39113	1184
326.42245	1232
326.45377	1232
326.4851	1251
326.51642	1280
326.54774	1361
326.57906	1515
326.61038	1674
326.6417	2025
326.67302	2343
326.70434	2992
326.73566	2880
326.76698	2976
326.79829	2562
326.82961	2144
326.86093	1433
326.89225	1009
326.92356	891
326.95488	861
326.98619	789
327.01751	809
327.04882	760
327.08013	760
327.11145	664
327.14276	705
327.17407	733
327.20538	776
327.2367	832
327.26801	811
327.29932	832
327.33063	937
327.36194	898
327.39325	976
327.42456	976
327.45586	955
327.48717	1027
327.51848	1009
327.54979	1075
327.58109	1083
327.6124	1081
327.6437	1204
327.67501	1032
327.70631	1139
327.73762	1089
327.76892	1155
327.80022	1249
327.83153	1189
327.86283	1269
327.89413	1189
327.92543	1269
327.95673	1288
327.98803	1376
328.01933	1312
328.05063	1339
328.08193	1382
328.11323	1331
328.14453	1435
328.17583	1363
328.20712	1344
328.23842	1355
328.26972	1273
328.30101	1273
328.33231	1377
328.3636	1659
328.3949	2179
328.42619	2875
328.45748	3282
328.48878	3147
328.52007	2644
328.55136	1992
328.58265	1243
328.61394	953
328.64523	805
328.67652	784
328.70781	781
328.7391	706
328.77039	746
328.80168	713
328.83297	747
328.86426	723
328.89554	787
328.92683	756
328.95812	736
328.9894	728
329.02069	742
329.05197	819
329.08326	801
329.11454	849
329.14582	899
329.17711	883
329.20839	883
329.23967	965
329.27095	954
329.30223	880
329.33351	931
329.36479	912
329.39607	800
329.42735	763
329.45863	713
329.48991	713
329.52118	691
329.55246	705
329.58374	736
329.61501	784
329.64629	864
329.67757	807
329.70884	864
329.74011	906
329.77139	817
329.80266	871
329.83394	865
329.86521	912
329.89648	930
329.92775	867
329.95902	816
329.99029	864
330.02156	785
330.05283	795
330.0841	851
330.11537	869
330.14664	880
330.17791	838
330.20917	880
330.24044	858
330.27171	915
330.30297	853
330.33424	897
330.3655	962
330.39677	928
330.42803	920
330.45929	896
330.49056	928
330.52182	960
330.55308	968
330.58434	1029
330.61561	985
330.64687	952
330.67813	899
330.70939	890
330.74064	928
330.7719	1056
330.80316	1235
330.83442	1362
330.86568	1554
330.89693	1760
330.92819	1720
330.95945	1458
330.9907	1145
331.02196	936
331.05321	859
331.08446	733
331.11572	683
331.14697	681
331.17822	667
331.20948	721
331.24073	753
331.27198	696
331.30323	683
331.33448	683
331.36573	704
331.39698	707
331.42823	755
331.45948	785
331.49072	757
331.52197	704
331.55322	656
331.58446	696
331.61571	765
331.64696	848
331.6782	770
331.70944	773
331.74069	707
331.77193	667
331.80317	672
331.83442	760
331.86566	833
331.8969	763
331.92814	681
331.95938	688
331.99062	737
332.02186	729
332.0531	866
332.08434	902
332.11558	753
332.14682	742
332.17805	696
332.20929	769
332.24053	837
332.27176	928
332.303	896
332.33423	805
332.36547	771
332.3967	769
332.42793	929
332.45917	1003
332.4904	937
332.52163	867
332.55286	769
332.58409	817
332.61532	954
332.64655	1109
332.67778	1096
332.70901	931
332.74024	880
332.77147	848
332.8027	1040
332.83392	1124
332.86515	1065
332.89638	960
332.9276	891
332.95883	912
332.99005	1157
333.02128	1330
333.0525	1190
333.08372	1041
333.11495	925
333.14617	1002
333.17739	1299
333.20861	1304
333.23983	1189
333.27105	1002
333.30227	1091
333.33349	1152
333.36471	1586
333.39593	1411
333.42715	1179
333.45836	1088
333.48958	1136
333.5208	1464
333.55201	1568
333.58323	1381
333.61444	1169
333.64566	1208
333.67687	1648
333.70809	2032
333.7393	1962
333.77051	1749
333.80172	1985
333.83293	2117
333.86415	2369
333.89536	1835
333.92657	1227
333.95778	1099
333.98898	1168
334.02019	1673
334.0514	1715
334.08261	1218
334.11382	1047
334.14502	1323
334.17623	1849
334.20743	1814
334.23864	1347
334.26984	1141
334.30105	1515
334.33225	2029
334.36345	2003
334.39466	1483
334.42586	1357
334.45706	1829
334.48826	2173
334.51946	2114
334.55066	1459
334.58186	1531
334.61306	2355
334.64426	2385
334.67546	1929
334.70666	1536
334.73785	2224
334.76905	2521
334.80025	2482
334.83144	1754
334.86264	2179
334.89383	2864
334.92503	2864
334.95622	2309
334.98741	2272
335.01861	2964
335.0498	2976
335.08099	2725
335.11218	2426
335.14337	3186
335.17456	3353
335.20575	3152
335.23694	2841
335.26813	3353
335.29932	3649
335.33051	3521
335.3617	3264
335.39288	3763
335.42407	3920
335.45525	3832
335.48644	3861
335.51762	3824
335.54881	4230
335.57999	4163
335.61118	4131
335.64236	4393
335.67354	5000
335.70472	4880
335.7359	4602
335.76709	5314
335.79827	6072
335.82945	4995
335.86062	5873
335.8918	7072
335.92298	5432
335.95416	6248
335.98534	7800
336.01651	6136
336.04769	6464
336.07887	7808
336.11004	5845
336.14122	6992
336.17239	7739
336.20356	6201
336.23474	7721
336.26591	7289
336.29708	7219
336.32826	7849
336.35943	7557
336.3906	8387
336.42177	7416
336.45294	8875
336.48411	7632
336.51528	8897
336.54644	7792
336.57761	8920
336.60878	8760
336.63995	9428
336.67111	9296
336.70228	9664
336.73344	9768
336.76461	10128
336.79577	10324
336.82694	10632
336.8581	11552
336.88926	13844
336.92043	15904
336.95159	17936
336.98275	23168
337.01391	32504
337.04507	40848
337.07623	35664
337.10739	23288
337.13855	10568
337.16971	5456
337.20086	2709
337.23202	1571
337.26318	1240
337.29433	1193
337.32549	1097
337.35664	1013
337.3878	987
337.41895	976
337.45011	947
337.48126	954
337.51241	889
337.54357	881
337.57472	889
337.60587	851
337.63702	848
337.66817	857
337.69932	897
337.73047	805
337.76162	789
337.79276	725
337.82391	768
337.85506	737
337.88621	715
337.91735	736
337.9485	693
337.97964	710
338.01079	681
338.04193	733
338.07307	693
338.10422	667
338.13536	715
338.1665	739
338.19764	672
338.22878	653
338.25993	625
338.29107	643
338.3222	633
338.35334	665
338.38448	664
338.41562	666
338.44676	635
338.47789	656
338.50903	680
338.54017	665
338.5713	664
