  Standard Error= .331905E-02
  Parameter 1= .686151E+04
  Parameter 2= .624391E+03
  Parameter 3= .147310E-03
  Parameter 4= .666004E+03
  Parameter 5= .129917E+00
  Parameter 6= .336920E+03
  Parameter 7= .333694E+03
  Parameter 8= .330786E+03
  Parameter 9= .328347E+03
  Parameter10= .326609E+03
   .324009E+03   .618000E+03   .693555E+03
   .324041E+03   .600000E+03   .686986E+03
   .324072E+03   .601000E+03   .696082E+03
   .324103E+03   .571000E+03   .698916E+03
   .324135E+03   .640000E+03   .699500E+03
   .324166E+03   .595000E+03   .693726E+03
   .324197E+03   .592000E+03   .702093E+03
   .324229E+03   .633000E+03   .704849E+03
   .324260E+03   .610000E+03   .706381E+03
   .324291E+03   .577000E+03   .702083E+03
   .324323E+03   .595000E+03   .710764E+03
   .324354E+03   .619000E+03   .712380E+03
   .324385E+03   .624000E+03   .714379E+03
   .324417E+03   .635000E+03   .711860E+03
   .324448E+03   .656000E+03   .722011E+03
   .324480E+03   .705000E+03   .722204E+03
   .324511E+03   .659000E+03   .723925E+03
   .324542E+03   .640000E+03   .724013E+03
   .324574E+03   .637000E+03   .732544E+03
   .324605E+03   .666000E+03   .735292E+03
   .324636E+03   .696000E+03   .736810E+03
   .324668E+03   .699000E+03   .741931E+03
   .324699E+03   .714000E+03   .739575E+03
   .324730E+03   .736000E+03   .748781E+03
   .324762E+03   .707000E+03   .756139E+03
   .324793E+03   .727000E+03   .764239E+03
   .324824E+03   .699000E+03   .753044E+03
   .324856E+03   .713000E+03   .760166E+03
   .324887E+03   .715000E+03   .783617E+03
   .324918E+03   .744000E+03   .767794E+03
   .324950E+03   .752000E+03   .778443E+03
   .324981E+03   .714000E+03   .790068E+03
   .325012E+03   .752000E+03   .804904E+03
   .325044E+03   .787000E+03   .783533E+03
   .325075E+03   .775000E+03   .795177E+03
   .325106E+03   .777000E+03   .843774E+03
   .325138E+03   .768000E+03   .795196E+03
   .325169E+03   .752000E+03   .816696E+03
   .325201E+03   .794000E+03   .863438E+03
   .325232E+03   .832000E+03   .821796E+03
   .325263E+03   .817000E+03   .839003E+03
   .325295E+03   .832000E+03   .874793E+03
   .325326E+03   .817000E+03   .856461E+03
   .325357E+03   .833000E+03   .859911E+03
   .325389E+03   .869000E+03   .896366E+03
   .325420E+03   .866000E+03   .889134E+03
   .325451E+03   .835000E+03   .887504E+03
   .325483E+03   .848000E+03   .929414E+03
   .325514E+03   .896000E+03   .914751E+03
   .325545E+03   .929000E+03   .926946E+03
   .325577E+03   .929000E+03   .958727E+03
   .325608E+03   .904000E+03   .939112E+03
   .325639E+03   .949000E+03   .983120E+03
   .325671E+03   .100000E+04   .963080E+03
   .325702E+03   .962000E+03   .981283E+03
   .325733E+03   .103500E+04   .104240E+04
   .325765E+03   .920000E+03   .979238E+03
   .325796E+03   .102700E+04   .108107E+04
   .325827E+03   .985000E+03   .101959E+04
   .325859E+03   .101900E+04   .104748E+04
   .325890E+03   .103300E+04   .115852E+04
   .325921E+03   .104300E+04   .103863E+04
   .325953E+03   .108800E+04   .120960E+04
   .325984E+03   .984000E+03   .107672E+04
   .326015E+03   .110400E+04   .119944E+04
   .326047E+03   .100800E+04   .117483E+04
   .326078E+03   .110700E+04   .116803E+04
   .326109E+03   .113600E+04   .123304E+04
   .326141E+03   .108800E+04   .120216E+04
   .326172E+03   .117300E+04   .127650E+04
   .326203E+03   .107400E+04   .122293E+04
   .326234E+03   .115200E+04   .127195E+04
   .326266E+03   .115400E+04   .125309E+04
   .326297E+03   .121100E+04   .131473E+04
   .326328E+03   .124000E+04   .129295E+04
   .326360E+03   .123300E+04   .126579E+04
   .326391E+03   .118400E+04   .133765E+04
   .326422E+03   .123200E+04   .130984E+04
   .326454E+03   .123200E+04   .132167E+04
   .326485E+03   .125100E+04   .130515E+04
   .326516E+03   .128000E+04   .134279E+04
   .326548E+03   .136100E+04   .138964E+04
   .326579E+03   .151500E+04   .146871E+04
   .326610E+03   .167400E+04   .163679E+04
   .326642E+03   .202500E+04   .189652E+04
   .326673E+03   .234300E+04   .230372E+04
   .326704E+03   .299200E+04   .288232E+04
   .326736E+03   .288000E+04   .295809E+04
   .326767E+03   .297600E+04   .267619E+04
   .326798E+03   .256200E+04   .235978E+04
   .326830E+03   .214400E+04   .208702E+04
   .326861E+03   .143300E+04   .151455E+04
   .326892E+03   .100900E+04   .112553E+04
   .326924E+03   .891000E+03   .101724E+04
   .326955E+03   .861000E+03   .988730E+03
   .326986E+03   .789000E+03   .924735E+03
   .327018E+03   .809000E+03   .925145E+03
   .327049E+03   .760000E+03   .982361E+03
   .327080E+03   .760000E+03   .900749E+03
   .327111E+03   .664000E+03   .923879E+03
   .327143E+03   .705000E+03   .983091E+03
   .327174E+03   .733000E+03   .927436E+03
   .327205E+03   .776000E+03   .941137E+03
   .327237E+03   .832000E+03   .984767E+03
   .327268E+03   .811000E+03   .959966E+03
   .327299E+03   .832000E+03   .955963E+03
   .327331E+03   .937000E+03   .100972E+04
   .327362E+03   .898000E+03   .993545E+03
   .327393E+03   .976000E+03   .989918E+03
   .327425E+03   .976000E+03   .104129E+04
   .327456E+03   .955000E+03   .100711E+04
   .327487E+03   .102700E+04   .103961E+04
   .327518E+03   .100900E+04   .105643E+04
   .327550E+03   .107500E+04   .103839E+04
   .327581E+03   .108300E+04   .110315E+04
   .327612E+03   .108100E+04   .103188E+04
   .327644E+03   .120400E+04   .110809E+04
   .327675E+03   .103200E+04   .110166E+04
   .327706E+03   .113900E+04   .109576E+04
   .327738E+03   .108900E+04   .122104E+04
   .327769E+03   .115500E+04   .107945E+04
   .327800E+03   .124900E+04   .129551E+04
   .327832E+03   .118900E+04   .115309E+04
   .327863E+03   .126900E+04   .126913E+04
   .327894E+03   .118900E+04   .123684E+04
   .327925E+03   .126900E+04   .124640E+04
   .327957E+03   .128800E+04   .130660E+04
   .327988E+03   .137600E+04   .127317E+04
   .328019E+03   .131200E+04   .134355E+04
   .328051E+03   .133900E+04   .128577E+04
   .328082E+03   .138200E+04   .135102E+04
   .328113E+03   .133100E+04   .131780E+04
   .328145E+03   .143500E+04   .134505E+04
   .328176E+03   .136300E+04   .137325E+04
   .328207E+03   .134400E+04   .135769E+04
   .328238E+03   .135500E+04   .134900E+04
   .328270E+03   .127300E+04   .138337E+04
   .328301E+03   .127300E+04   .144729E+04
   .328332E+03   .137700E+04   .159711E+04
   .328364E+03   .165900E+04   .180476E+04
   .328395E+03   .217900E+04   .215061E+04
   .328426E+03   .287500E+04   .270381E+04
   .328457E+03   .328200E+04   .331922E+04
   .328489E+03   .314700E+04   .296116E+04
   .328520E+03   .264400E+04   .256315E+04
   .328551E+03   .199200E+04   .206858E+04
   .328583E+03   .124300E+04   .135136E+04
   .328614E+03   .953000E+03   .989075E+03
   .328645E+03   .805000E+03   .861011E+03
   .328677E+03   .784000E+03   .808194E+03
   .328708E+03   .781000E+03   .788510E+03
   .328739E+03   .706000E+03   .772572E+03
   .328770E+03   .746000E+03   .754516E+03
   .328802E+03   .713000E+03   .739306E+03
   .328833E+03   .747000E+03   .745715E+03
   .328864E+03   .723000E+03   .744085E+03
   .328896E+03   .787000E+03   .738514E+03
   .328927E+03   .756000E+03   .727459E+03
   .328958E+03   .736000E+03   .737824E+03
   .328989E+03   .728000E+03   .737438E+03
   .329021E+03   .742000E+03   .735271E+03
   .329052E+03   .819000E+03   .726809E+03
   .329083E+03   .801000E+03   .737172E+03
   .329115E+03   .849000E+03   .740453E+03
   .329146E+03   .899000E+03   .740701E+03
   .329177E+03   .883000E+03   .735487E+03
   .329208E+03   .883000E+03   .738684E+03
   .329240E+03   .965000E+03   .743275E+03
   .329271E+03   .954000E+03   .746086E+03
   .329302E+03   .880000E+03   .750135E+03
   .329333E+03   .931000E+03   .744287E+03
   .329365E+03   .912000E+03   .751187E+03
   .329396E+03   .800000E+03   .760332E+03
   .329427E+03   .763000E+03   .758524E+03
   .329459E+03   .713000E+03   .753622E+03
   .329490E+03   .713000E+03   .760480E+03
   .329521E+03   .691000E+03   .782140E+03
   .329552E+03   .705000E+03   .757780E+03
   .329584E+03   .736000E+03   .767319E+03
   .329615E+03   .784000E+03   .793343E+03
   .329646E+03   .864000E+03   .773447E+03
   .329678E+03   .807000E+03   .777633E+03
   .329709E+03   .864000E+03   .797322E+03
   .329740E+03   .906000E+03   .798935E+03
   .329771E+03   .817000E+03   .782400E+03
   .329803E+03   .871000E+03   .800454E+03
   .329834E+03   .865000E+03   .816440E+03
   .329865E+03   .912000E+03   .795920E+03
   .329896E+03   .930000E+03   .823412E+03
   .329928E+03   .867000E+03   .831392E+03
   .329959E+03   .816000E+03   .810382E+03
   .329990E+03   .864000E+03   .837104E+03
   .330022E+03   .785000E+03   .831952E+03
   .330053E+03   .795000E+03   .840574E+03
   .330084E+03   .851000E+03   .853453E+03
   .330115E+03   .869000E+03   .849811E+03
   .330147E+03   .880000E+03   .874184E+03
   .330178E+03   .838000E+03   .841497E+03
   .330209E+03   .880000E+03   .881176E+03
   .330240E+03   .858000E+03   .866894E+03
   .330272E+03   .915000E+03   .879977E+03
   .330303E+03   .853000E+03   .902675E+03
   .330334E+03   .897000E+03   .862379E+03
   .330366E+03   .962000E+03   .933528E+03
   .330397E+03   .928000E+03   .879574E+03
   .330428E+03   .920000E+03   .941876E+03
   .330459E+03   .896000E+03   .899626E+03
   .330491E+03   .928000E+03   .927524E+03
   .330522E+03   .960000E+03   .914561E+03
   .330553E+03   .968000E+03   .931876E+03
   .330584E+03   .102900E+04   .940173E+03
   .330616E+03   .985000E+03   .952754E+03
   .330647E+03   .952000E+03   .946093E+03
   .330678E+03   .899000E+03   .935718E+03
   .330709E+03   .890000E+03   .948878E+03
   .330741E+03   .928000E+03   .970813E+03
   .330772E+03   .105600E+04   .103227E+04
   .330803E+03   .123500E+04   .111222E+04
   .330834E+03   .136200E+04   .123467E+04
   .330866E+03   .155400E+04   .143238E+04
   .330897E+03   .176000E+04   .167472E+04
   .330928E+03   .172000E+04   .157288E+04
   .330959E+03   .145800E+04   .134701E+04
   .330991E+03   .114500E+04   .110591E+04
   .331022E+03   .936000E+03   .854724E+03
   .331053E+03   .859000E+03   .788937E+03
   .331084E+03   .733000E+03   .768393E+03
   .331116E+03   .683000E+03   .741442E+03
   .331147E+03   .681000E+03   .714967E+03
   .331178E+03   .667000E+03   .709370E+03
   .331209E+03   .721000E+03   .720946E+03
   .331241E+03   .753000E+03   .723527E+03
   .331272E+03   .696000E+03   .720775E+03
   .331303E+03   .683000E+03   .717420E+03
   .331334E+03   .683000E+03   .717141E+03
   .331366E+03   .704000E+03   .722448E+03
   .331397E+03   .707000E+03   .721443E+03
   .331428E+03   .755000E+03   .710271E+03
   .331459E+03   .785000E+03   .701955E+03
   .331491E+03   .757000E+03   .724558E+03
   .331522E+03   .704000E+03   .748408E+03
   .331553E+03   .656000E+03   .743235E+03
   .331584E+03   .696000E+03   .712845E+03
   .331616E+03   .765000E+03   .712093E+03
   .331647E+03   .848000E+03   .731110E+03
   .331678E+03   .770000E+03   .736483E+03
   .331709E+03   .773000E+03   .736480E+03
   .331741E+03   .707000E+03   .745331E+03
   .331772E+03   .667000E+03   .764118E+03
   .331803E+03   .672000E+03   .749930E+03
   .331834E+03   .760000E+03   .741208E+03
   .331866E+03   .833000E+03   .724627E+03
   .331897E+03   .763000E+03   .748661E+03
   .331928E+03   .681000E+03   .769704E+03
   .331959E+03   .688000E+03   .794617E+03
   .331991E+03   .737000E+03   .769914E+03
   .332022E+03   .729000E+03   .763536E+03
   .332053E+03   .866000E+03   .762666E+03
   .332084E+03   .902000E+03   .764100E+03
   .332116E+03   .753000E+03   .763643E+03
   .332147E+03   .742000E+03   .809442E+03
   .332178E+03   .696000E+03   .833563E+03
   .332209E+03   .769000E+03   .805381E+03
   .332241E+03   .837000E+03   .781147E+03
   .332272E+03   .928000E+03   .791283E+03
   .332303E+03   .896000E+03   .796303E+03
   .332334E+03   .805000E+03   .812191E+03
   .332365E+03   .771000E+03   .870606E+03
   .332397E+03   .769000E+03   .868116E+03
   .332428E+03   .929000E+03   .831164E+03
   .332459E+03   .100300E+04   .824053E+03
   .332490E+03   .937000E+03   .831725E+03
   .332522E+03   .867000E+03   .831929E+03
   .332553E+03   .769000E+03   .882873E+03
   .332584E+03   .817000E+03   .961662E+03
   .332615E+03   .954000E+03   .886305E+03
   .332647E+03   .110900E+04   .856545E+03
   .332678E+03   .109600E+04   .884793E+03
   .332709E+03   .931000E+03   .863463E+03
   .332740E+03   .880000E+03   .916421E+03
   .332771E+03   .848000E+03   .101507E+04
   .332803E+03   .104000E+04   .986441E+03
   .332834E+03   .112400E+04   .914923E+03
   .332865E+03   .106500E+04   .919274E+03
   .332896E+03   .960000E+03   .916716E+03
   .332928E+03   .891000E+03   .964725E+03
   .332959E+03   .912000E+03   .108580E+04
   .332990E+03   .115700E+04   .107667E+04
   .333021E+03   .133000E+04   .100199E+04
   .333052E+03   .119000E+04   .956942E+03
   .333084E+03   .104100E+04   .973590E+03
   .333115E+03   .925000E+03   .104609E+04
   .333146E+03   .100200E+04   .114451E+04
   .333177E+03   .129900E+04   .121478E+04
   .333209E+03   .130400E+04   .104003E+04
   .333240E+03   .118900E+04   .104553E+04
   .333271E+03   .100200E+04   .103508E+04
   .333302E+03   .109100E+04   .110479E+04
   .333333E+03   .115200E+04   .129572E+04
   .333365E+03   .158600E+04   .126614E+04
   .333396E+03   .141100E+04   .115953E+04
   .333427E+03   .117900E+04   .108211E+04
   .333458E+03   .108800E+04   .112282E+04
   .333490E+03   .113600E+04   .123938E+04
   .333521E+03   .146400E+04   .141504E+04
   .333552E+03   .156800E+04   .136286E+04
   .333583E+03   .138100E+04   .119853E+04
   .333614E+03   .116900E+04   .115994E+04
   .333646E+03   .120800E+04   .122512E+04
   .333677E+03   .164800E+04   .150550E+04
   .333708E+03   .203200E+04   .170267E+04
   .333739E+03   .196200E+04   .170720E+04
   .333771E+03   .174900E+04   .176955E+04
   .333802E+03   .198500E+04   .209565E+04
   .333833E+03   .211700E+04   .222755E+04
   .333864E+03   .236900E+04   .215476E+04
   .333895E+03   .183500E+04   .178653E+04
   .333927E+03   .122700E+04   .120055E+04
   .333958E+03   .109900E+04   .101334E+04
   .333989E+03   .116800E+04   .107219E+04
   .334020E+03   .167300E+04   .139090E+04
   .334051E+03   .171500E+04   .146714E+04
   .334083E+03   .121800E+04   .122447E+04
   .334114E+03   .104700E+04   .100294E+04
   .334145E+03   .132300E+04   .105894E+04
   .334176E+03   .184900E+04   .142851E+04
   .334207E+03   .181400E+04   .160172E+04
   .334239E+03   .134700E+04   .143628E+04
   .334270E+03   .114100E+04   .109475E+04
   .334301E+03   .151500E+04   .112356E+04
   .334332E+03   .202900E+04   .153848E+04
   .334363E+03   .200300E+04   .175984E+04
   .334395E+03   .148300E+04   .163184E+04
   .334426E+03   .135700E+04   .121206E+04
   .334457E+03   .182900E+04   .124255E+04
   .334488E+03   .217300E+04   .174989E+04
   .334519E+03   .211400E+04   .195561E+04
   .334551E+03   .145900E+04   .179821E+04
   .334582E+03   .153100E+04   .133331E+04
   .334613E+03   .235500E+04   .144734E+04
   .334644E+03   .238500E+04   .204351E+04
   .334675E+03   .192900E+04   .217729E+04
   .334707E+03   .153600E+04   .190685E+04
   .334738E+03   .222400E+04   .147520E+04
   .334769E+03   .252100E+04   .184321E+04
   .334800E+03   .248200E+04   .230782E+04
   .334831E+03   .175400E+04   .236025E+04
   .334863E+03   .217900E+04   .191031E+04
   .334894E+03   .286400E+04   .175116E+04
   .334925E+03   .286400E+04   .248449E+04
   .334956E+03   .230900E+04   .265538E+04
   .334987E+03   .227200E+04   .252106E+04
   .335019E+03   .296400E+04   .195668E+04
   .335050E+03   .297600E+04   .248152E+04
   .335081E+03   .272500E+04   .281432E+04
   .335112E+03   .242600E+04   .286296E+04
   .335143E+03   .318600E+04   .242481E+04
   .335175E+03   .335300E+04   .257678E+04
   .335206E+03   .315200E+04   .308607E+04
   .335237E+03   .284100E+04   .320890E+04
   .335268E+03   .335300E+04   .297356E+04
   .335299E+03   .364900E+04   .287732E+04
   .335331E+03   .352100E+04   .341074E+04
   .335362E+03   .326400E+04   .354334E+04
   .335393E+03   .376300E+04   .343978E+04
   .335424E+03   .392000E+04   .339065E+04
   .335455E+03   .383200E+04   .370909E+04
   .335486E+03   .386100E+04   .386003E+04
   .335518E+03   .382400E+04   .389168E+04
   .335549E+03   .423000E+04   .413304E+04
   .335580E+03   .416300E+04   .398480E+04
   .335611E+03   .413100E+04   .414030E+04
   .335642E+03   .439300E+04   .447970E+04
   .335674E+03   .500000E+04   .479007E+04
   .335705E+03   .488000E+04   .445311E+04
   .335736E+03   .460200E+04   .453797E+04
   .335767E+03   .531400E+04   .543658E+04
   .335798E+03   .607200E+04   .476000E+04
   .335829E+03   .499500E+04   .497305E+04
   .335861E+03   .587300E+04   .576283E+04
   .335892E+03   .707200E+04   .571771E+04
   .335923E+03   .543200E+04   .531625E+04
   .335954E+03   .624800E+04   .566145E+04
   .335985E+03   .780000E+04   .683569E+04
   .336017E+03   .613600E+04   .561535E+04
   .336048E+03   .646400E+04   .599217E+04
   .336079E+03   .780800E+04   .764337E+04
   .336110E+03   .584500E+04   .611093E+04
   .336141E+03   .699200E+04   .661897E+04
   .336172E+03   .773900E+04   .796268E+04
   .336204E+03   .620100E+04   .677504E+04
   .336235E+03   .772100E+04   .747596E+04
   .336266E+03   .728900E+04   .798051E+04
   .336297E+03   .721900E+04   .771927E+04
   .336328E+03   .784900E+04   .825913E+04
   .336359E+03   .755700E+04   .822492E+04
   .336391E+03   .838700E+04   .899273E+04
   .336422E+03   .741600E+04   .806919E+04
   .336453E+03   .887500E+04   .945367E+04
   .336484E+03   .763200E+04   .889735E+04
   .336515E+03   .889700E+04   .906762E+04
   .336546E+03   .779200E+04   .101524E+05
   .336578E+03   .892000E+04   .888422E+04
   .336609E+03   .876000E+04   .109277E+05
   .336640E+03   .942800E+04   .936230E+04
   .336671E+03   .929600E+04   .109188E+05
   .336702E+03   .966400E+04   .100842E+05
   .336733E+03   .976800E+04   .108892E+05
   .336765E+03   .101280E+05   .105734E+05
   .336796E+03   .103240E+05   .111722E+05
   .336827E+03   .106320E+05   .109908E+05
   .336858E+03   .115520E+05   .112099E+05
   .336889E+03   .138440E+05   .123986E+05
   .336920E+03   .159040E+05   .146228E+05
   .336952E+03   .179360E+05   .181515E+05
   .336983E+03   .231680E+05   .235520E+05
   .337014E+03   .325040E+05   .315577E+05
   .337045E+03   .408480E+05   .406528E+05
   .337076E+03   .356640E+05   .349664E+05
   .337107E+03   .232880E+05   .228105E+05
   .337139E+03   .105680E+05   .104645E+05
   .337170E+03   .545600E+04   .517337E+04
   .337201E+03   .270900E+04   .333215E+04
   .337232E+03   .157100E+04   .246831E+04
   .337263E+03   .124000E+04   .198350E+04
   .337294E+03   .119300E+04   .168020E+04
   .337326E+03   .109700E+04   .147597E+04
   .337357E+03   .101300E+04   .133104E+04
   .337388E+03   .987000E+03   .122370E+04
   .337419E+03   .976000E+03   .114180E+04
   .337450E+03   .947000E+03   .107770E+04
   .337481E+03   .954000E+03   .102643E+04
   .337512E+03   .889000E+03   .984658E+03
   .337544E+03   .881000E+03   .950133E+03
   .337575E+03   .889000E+03   .921250E+03
   .337606E+03   .851000E+03   .896798E+03
   .337637E+03   .848000E+03   .875883E+03
   .337668E+03   .857000E+03   .857789E+03
   .337699E+03   .897000E+03   .842066E+03
   .337730E+03   .805000E+03   .828279E+03
   .337762E+03   .789000E+03   .816166E+03
   .337793E+03   .725000E+03   .805434E+03
   .337824E+03   .768000E+03   .795805E+03
   .337855E+03   .737000E+03   .787182E+03
   .337886E+03   .715000E+03   .779432E+03
   .337917E+03   .736000E+03   .772469E+03
   .337948E+03   .693000E+03   .766095E+03
   .337980E+03   .710000E+03   .760293E+03
   .338011E+03   .681000E+03   .754998E+03
   .338042E+03   .733000E+03   .750209E+03
   .338073E+03   .693000E+03   .745808E+03
   .338104E+03   .667000E+03   .741679E+03
   .338135E+03   .715000E+03   .737877E+03
   .338167E+03   .739000E+03   .734357E+03
   .338198E+03   .672000E+03   .731153E+03
   .338229E+03   .653000E+03   .728091E+03
   .338260E+03   .625000E+03   .725249E+03
   .338291E+03   .643000E+03   .722598E+03
   .338322E+03   