  Standard Error= .652926E-02
  Parameter 1= .653430E+04
  Parameter 2= .515771E+03
  Parameter 3= .120402E-03
  Parameter 4= .756393E+03
  Parameter 5= .101695E+00
  Parameter 6= .336921E+03
  Parameter 7= .333709E+03
  Parameter 8= .330787E+03
  Parameter 9= .328348E+03
  Parameter10= .326612E+03
   .324009E+03   .618000E+03   .768404E+03
   .324041E+03   .600000E+03   .765105E+03
   .324072E+03   .601000E+03   .769939E+03
   .324103E+03   .571000E+03   .770790E+03
   .324135E+03   .640000E+03   .771265E+03
   .324166E+03   .595000E+03   .768770E+03
   .324197E+03   .592000E+03   .773236E+03
   .324229E+03   .633000E+03   .773975E+03
   .324260E+03   .610000E+03   .775078E+03
   .324291E+03   .577000E+03   .773544E+03
   .324323E+03   .595000E+03   .778612E+03
   .324354E+03   .619000E+03   .778101E+03
   .324385E+03   .624000E+03   .779630E+03
   .324417E+03   .635000E+03   .779316E+03
   .324448E+03   .656000E+03   .786373E+03
   .324480E+03   .705000E+03   .783799E+03
   .324511E+03   .659000E+03   .785048E+03
   .324542E+03   .640000E+03   .786784E+03
   .324574E+03   .637000E+03   .793974E+03
   .324605E+03   .666000E+03   .792733E+03
   .324636E+03   .696000E+03   .793027E+03
   .324668E+03   .699000E+03   .798182E+03
   .324699E+03   .714000E+03   .796682E+03
   .324730E+03   .736000E+03   .803728E+03
   .324762E+03   .707000E+03   .808024E+03
   .324793E+03   .727000E+03   .815618E+03
   .324824E+03   .699000E+03   .802968E+03
   .324856E+03   .713000E+03   .810388E+03
   .324887E+03   .715000E+03   .829144E+03
   .324918E+03   .744000E+03   .817372E+03
   .324950E+03   .752000E+03   .825071E+03
   .324981E+03   .714000E+03   .831318E+03
   .325012E+03   .752000E+03   .849150E+03
   .325044E+03   .787000E+03   .824244E+03
   .325075E+03   .775000E+03   .839014E+03
   .325106E+03   .777000E+03   .878179E+03
   .325138E+03   .768000E+03   .834299E+03
   .325169E+03   .752000E+03   .861538E+03
   .325201E+03   .794000E+03   .886283E+03
   .325232E+03   .832000E+03   .858459E+03
   .325263E+03   .817000E+03   .879993E+03
   .325295E+03   .832000E+03   .892863E+03
   .325326E+03   .817000E+03   .891191E+03
   .325357E+03   .833000E+03   .897533E+03
   .325389E+03   .869000E+03   .912658E+03
   .325420E+03   .866000E+03   .922679E+03
   .325451E+03   .835000E+03   .923541E+03
   .325483E+03   .848000E+03   .945894E+03
   .325514E+03   .896000E+03   .948216E+03
   .325545E+03   .929000E+03   .957724E+03
   .325577E+03   .929000E+03   .983696E+03
   .325608E+03   .904000E+03   .978837E+03
   .325639E+03   .949000E+03   .100481E+04
   .325671E+03   .100000E+04   .991776E+03
   .325702E+03   .962000E+03   .102018E+04
   .325733E+03   .103500E+04   .107162E+04
   .325765E+03   .920000E+03   .101004E+04
   .325796E+03   .102700E+04   .108727E+04
   .325827E+03   .985000E+03   .106407E+04
   .325859E+03   .101900E+04   .106152E+04
   .325890E+03   .103300E+04   .120125E+04
   .325921E+03   .104300E+04   .107005E+04
   .325953E+03   .108800E+04   .123643E+04
   .325984E+03   .984000E+03   .113244E+04
   .326015E+03   .110400E+04   .119589E+04
   .326047E+03   .100800E+04   .124871E+04
   .326078E+03   .110700E+04   .118615E+04
   .326109E+03   .113600E+04   .132301E+04
   .326141E+03   .108800E+04   .124324E+04
   .326172E+03   .117300E+04   .133624E+04
   .326203E+03   .107400E+04   .130899E+04
   .326234E+03   .115200E+04   .132640E+04
   .326266E+03   .115400E+04   .136134E+04
   .326297E+03   .121100E+04   .141011E+04
   .326328E+03   .124000E+04   .137390E+04
   .326360E+03   .123300E+04   .139598E+04
   .326391E+03   .118400E+04   .149191E+04
   .326422E+03   .123200E+04   .143000E+04
   .326454E+03   .123200E+04   .146973E+04
   .326485E+03   .125100E+04   .145659E+04
   .326516E+03   .128000E+04   .150946E+04
   .326548E+03   .136100E+04   .154189E+04
   .326579E+03   .151500E+04   .159204E+04
   .326610E+03   .167400E+04   .159716E+04
   .326642E+03   .202500E+04   .169867E+04
   .326673E+03   .234300E+04   .201437E+04
   .326704E+03   .299200E+04   .253801E+04
   .326736E+03   .288000E+04   .275748E+04
   .326767E+03   .297600E+04   .238689E+04
   .326798E+03   .256200E+04   .220150E+04
   .326830E+03   .214400E+04   .195194E+04
   .326861E+03   .143300E+04   .148244E+04
   .326892E+03   .100900E+04   .110025E+04
   .326924E+03   .891000E+03   .102183E+04
   .326955E+03   .861000E+03   .100909E+04
   .326986E+03   .789000E+03   .939201E+03
   .327018E+03   .809000E+03   .955026E+03
   .327049E+03   .760000E+03   .101611E+04
   .327080E+03   .760000E+03   .926552E+03
   .327111E+03   .664000E+03   .968754E+03
   .327143E+03   .705000E+03   .101715E+04
   .327174E+03   .733000E+03   .955017E+03
   .327205E+03   .776000E+03   .990828E+03
   .327237E+03   .832000E+03   .101993E+04
   .327268E+03   .811000E+03   .994112E+03
   .327299E+03   .832000E+03   .101578E+04
   .327331E+03   .937000E+03   .104875E+04
   .327362E+03   .898000E+03   .103155E+04
   .327393E+03   .976000E+03   .106189E+04
   .327425E+03   .976000E+03   .109362E+04
   .327456E+03   .955000E+03   .106080E+04
   .327487E+03   .102700E+04   .111431E+04
   .327518E+03   .100900E+04   .111226E+04
   .327550E+03   .107500E+04   .112071E+04
   .327581E+03   .108300E+04   .117767E+04
   .327612E+03   .108100E+04   .109784E+04
   .327644E+03   .120400E+04   .119297E+04
   .327675E+03   .103200E+04   .118191E+04
   .327706E+03   .113900E+04   .119667E+04
   .327738E+03   .108900E+04   .131927E+04
   .327769E+03   .115500E+04   .118344E+04
   .327800E+03   .124900E+04   .138165E+04
   .327832E+03   .118900E+04   .126051E+04
   .327863E+03   .126900E+04   .133733E+04
   .327894E+03   .118900E+04   .137389E+04
   .327925E+03   .126900E+04   .133171E+04
   .327957E+03   .128800E+04   .147249E+04
   .327988E+03   .137600E+04   .138644E+04
   .328019E+03   .131200E+04   .148911E+04
   .328051E+03   .133900E+04   .145508E+04
   .328082E+03   .138200E+04   .150022E+04
   .328113E+03   .133100E+04   .148017E+04
   .328145E+03   .143500E+04   .155081E+04
   .328176E+03   .136300E+04   .159033E+04
   .328207E+03   .134400E+04   .156827E+04
   .328238E+03   .135500E+04   .157226E+04
   .328270E+03   .127300E+04   .162278E+04
   .328301E+03   .127300E+04   .167013E+04
   .328332E+03   .137700E+04   .174353E+04
   .328364E+03   .165900E+04   .174427E+04
   .328395E+03   .217900E+04   .198845E+04
   .328426E+03   .287500E+04   .245915E+04
   .328457E+03   .328200E+04   .313990E+04
   .328489E+03   .314700E+04   .272091E+04
   .328520E+03   .264400E+04   .242533E+04
   .328551E+03   .199200E+04   .199705E+04
   .328583E+03   .124300E+04   .130131E+04
   .328614E+03   .953000E+03   .989927E+03
   .328645E+03   .805000E+03   .893456E+03
   .328677E+03   .784000E+03   .854212E+03
   .328708E+03   .781000E+03   .840305E+03
   .328739E+03   .706000E+03   .830447E+03
   .328770E+03   .746000E+03   .816678E+03
   .328802E+03   .713000E+03   .804339E+03
   .328833E+03   .747000E+03   .810838E+03
   .328864E+03   .723000E+03   .811169E+03
   .328896E+03   .787000E+03   .805074E+03
   .328927E+03   .756000E+03   .794674E+03
   .328958E+03   .736000E+03   .805668E+03
   .328989E+03   .728000E+03   .807679E+03
   .329021E+03   .742000E+03   .802891E+03
   .329052E+03   .819000E+03   .794676E+03
   .329083E+03   .801000E+03   .806433E+03
   .329115E+03   .849000E+03   .810079E+03
   .329146E+03   .899000E+03   .805731E+03
   .329177E+03   .883000E+03   .801218E+03
   .329208E+03   .883000E+03   .809214E+03
   .329240E+03   .965000E+03   .814095E+03
   .329271E+03   .954000E+03   .811524E+03
   .329302E+03   .880000E+03   .814892E+03
   .329333E+03   .931000E+03   .814767E+03
   .329365E+03   .912000E+03   .816778E+03
   .329396E+03   .800000E+03   .823328E+03
   .329427E+03   .763000E+03   .829426E+03
   .329459E+03   .713000E+03   .823883E+03
   .329490E+03   .713000E+03   .821160E+03
   .329521E+03   .691000E+03   .845697E+03
   .329552E+03   .705000E+03   .829700E+03
   .329584E+03   .736000E+03   .832804E+03
   .329615E+03   .784000E+03   .855057E+03
   .329646E+03   .864000E+03   .847705E+03
   .329678E+03   .807000E+03   .843704E+03
   .329709E+03   .864000E+03   .853789E+03
   .329740E+03   .906000E+03   .875606E+03
   .329771E+03   .817000E+03   .848761E+03
   .329803E+03   .871000E+03   .860900E+03
   .329834E+03   .865000E+03   .898723E+03
   .329865E+03   .912000E+03   .857510E+03
   .329896E+03   .930000E+03   .883168E+03
   .329928E+03   .867000E+03   .911085E+03
   .329959E+03   .816000E+03   .874719E+03
   .329990E+03   .864000E+03   .915814E+03
   .330022E+03   .785000E+03   .906091E+03
   .330053E+03   .795000E+03   .906821E+03
   .330084E+03   .851000E+03   .941348E+03
   .330115E+03   .869000E+03   .914839E+03
   .330147E+03   .880000E+03   .965770E+03
   .330178E+03   .838000E+03   .912201E+03
   .330209E+03   .880000E+03   .961515E+03
   .330240E+03   .858000E+03   .950497E+03
   .330272E+03   .915000E+03   .951438E+03
   .330303E+03   .853000E+03   .100896E+04
   .330334E+03   .897000E+03   .938298E+03
   .330366E+03   .962000E+03   .104563E+04
   .330397E+03   .928000E+03   .959188E+03
   .330428E+03   .920000E+03   .104354E+04
   .330459E+03   .896000E+03   .100243E+04
   .330491E+03   .928000E+03   .102753E+04
   .330522E+03   .960000E+03   .103555E+04
   .330553E+03   .968000E+03   .104630E+04
   .330584E+03   .102900E+04   .104507E+04
   .330616E+03   .985000E+03   .106545E+04
   .330647E+03   .952000E+03   .107235E+04
   .330678E+03   .899000E+03   .106550E+04
   .330709E+03   .890000E+03   .108079E+04
   .330741E+03   .928000E+03   .109005E+04
   .330772E+03   .105600E+04   .112435E+04
   .330803E+03   .123500E+04   .113586E+04
   .330834E+03   .136200E+04   .122298E+04
   .330866E+03   .155400E+04   .140087E+04
   .330897E+03   .176000E+04   .167030E+04
   .330928E+03   .172000E+04   .156179E+04
   .330959E+03   .145800E+04   .135747E+04
   .330991E+03   .114500E+04   .115724E+04
   .331022E+03   .936000E+03   .896986E+03
   .331053E+03   .859000E+03   .832953E+03
   .331084E+03   .733000E+03   .817334E+03
   .331116E+03   .683000E+03   .803649E+03
   .331147E+03   .681000E+03   .788853E+03
   .331178E+03   .667000E+03   .781156E+03
   .331209E+03   .721000E+03   .784327E+03
   .331241E+03   .753000E+03   .789646E+03
   .331272E+03   .696000E+03   .788207E+03
   .331303E+03   .683000E+03   .781354E+03
   .331334E+03   .683000E+03   .777413E+03
   .331366E+03   .704000E+03   .786317E+03
   .331397E+03   .707000E+03   .789467E+03
   .331428E+03   .755000E+03   .786387E+03
   .331459E+03   .785000E+03   .775314E+03
   .331491E+03   .757000E+03   .779381E+03
   .331522E+03   .704000E+03   .798246E+03
   .331553E+03   .656000E+03   .797411E+03
   .331584E+03   .696000E+03   .786685E+03
   .331616E+03   .765000E+03   .777078E+03
   .331647E+03   .848000E+03   .794161E+03
   .331678E+03   .770000E+03   .797804E+03
   .331709E+03   .773000E+03   .797595E+03
   .331741E+03   .707000E+03   .791111E+03
   .331772E+03   .667000E+03   .799359E+03
   .331803E+03   .672000E+03   .804460E+03
   .331834E+03   .760000E+03   .802835E+03
   .331866E+03   .833000E+03   .795115E+03
   .331897E+03   .763000E+03   .795636E+03
   .331928E+03   .681000E+03   .816907E+03
   .331959E+03   .688000E+03   .825489E+03
   .331991E+03   .737000E+03   .817959E+03
   .332022E+03   .729000E+03   .805255E+03
   .332053E+03   .866000E+03   .822224E+03
   .332084E+03   .902000E+03   .823226E+03
   .332116E+03   .753000E+03   .822467E+03
   .332147E+03   .742000E+03   .829792E+03
   .332178E+03   .696000E+03   .847329E+03
   .332209E+03   .769000E+03   .841681E+03
   .332241E+03   .837000E+03   .835622E+03
   .332272E+03   .928000E+03   .847697E+03
   .332303E+03   .896000E+03   .835448E+03
   .332334E+03   .805000E+03   .845648E+03
   .332365E+03   .771000E+03   .876424E+03
   .332397E+03   .769000E+03   .891862E+03
   .332428E+03   .929000E+03   .858009E+03
   .332459E+03   .100300E+04   .854114E+03
   .332490E+03   .937000E+03   .893486E+03
   .332522E+03   .867000E+03   .860914E+03
   .332553E+03   .769000E+03   .892159E+03
   .332584E+03   .817000E+03   .942009E+03
   .332615E+03   .954000E+03   .911451E+03
   .332647E+03   .110900E+04   .888250E+03
   .332678E+03   .109600E+04   .903327E+03
   .332709E+03   .931000E+03   .938648E+03
   .332740E+03   .880000E+03   .906008E+03
   .332771E+03   .848000E+03   .967708E+03
   .332803E+03   .104000E+04   .101157E+04
   .332834E+03   .112400E+04   .915212E+03
   .332865E+03   .106500E+04   .957134E+03
   .332896E+03   .960000E+03   .985512E+03
   .332928E+03   .891000E+03   .950712E+03
   .332959E+03   .912000E+03   .105304E+04
   .332990E+03   .115700E+04   .104232E+04
   .333021E+03   .133000E+04   .100560E+04
   .333052E+03   .119000E+04   .101976E+04
   .333084E+03   .104100E+04   .100102E+04
   .333115E+03   .925000E+03   .108256E+04
   .333146E+03   .100200E+04   .107462E+04
   .333177E+03   .129900E+04   .115721E+04
   .333209E+03   .130400E+04   .108756E+04
   .333240E+03   .118900E+04   .105570E+04
   .333271E+03   .100200E+04   .113175E+04
   .333302E+03   .109100E+04   .109208E+04
   .333333E+03   .115200E+04   .126024E+04
   .333365E+03   .158600E+04   .120895E+04
   .333396E+03   .141100E+04   .117591E+04
   .333427E+03   .117900E+04   .114492E+04
   .333458E+03   .108800E+04   .117526E+04
   .333490E+03   .113600E+04   .123290E+04
   .333521E+03   .146400E+04   .132580E+04
   .333552E+03   .156800E+04   .134425E+04
   .333583E+03   .138100E+04   .124089E+04
   .333614E+03   .116900E+04   .122702E+04
   .333646E+03   .120800E+04   .125802E+04
   .333677E+03   .164800E+04   .140275E+04
   .333708E+03   .203200E+04   .146910E+04
   .333739E+03   .196200E+04   .145299E+04
   .333771E+03   .174900E+04   .153028E+04
   .333802E+03   .198500E+04   .181429E+04
   .333833E+03   .211700E+04   .216842E+04
   .333864E+03   .236900E+04   .207249E+04
   .333895E+03   .183500E+04   .170954E+04
   .333927E+03   .122700E+04   .116767E+04
   .333958E+03   .109900E+04   .970968E+03
   .333989E+03   .116800E+04   .973245E+03
   .334020E+03   .167300E+04   .117649E+04
   .334051E+03   .171500E+04   .119749E+04
   .334083E+03   .121800E+04   .105238E+04
   .334114E+03   .104700E+04   .920677E+03
   .334145E+03   .132300E+04   .947655E+03
   .334176E+03   .184900E+04   .119702E+04
   .334207E+03   .181400E+04   .128525E+04
   .334239E+03   .134700E+04   .118936E+04
   .334270E+03   .114100E+04   .967393E+03
   .334301E+03   .151500E+04   .982596E+03
   .334332E+03   .202900E+04   .127844E+04
   .334363E+03   .200300E+04   .139453E+04
   .334395E+03   .148300E+04   .132259E+04
   .334426E+03   .135700E+04   .103513E+04
   .334457E+03   .182900E+04   .105406E+04
   .334488E+03   .217300E+04   .145134E+04
   .334519E+03   .211400E+04   .153869E+04
   .334551E+03   .145900E+04   .144681E+04
   .334582E+03   .153100E+04   .111014E+04
   .334613E+03   .235500E+04   .119185E+04
   .334644E+03   .238500E+04   .168883E+04
   .334675E+03   .192900E+04   .171203E+04
   .334707E+03   .153600E+04   .153453E+04
   .334738E+03   .222400E+04   .120342E+04
   .334769E+03   .252100E+04   .151113E+04
   .334800E+03   .248200E+04   .182781E+04
   .334831E+03   .175400E+04   .184015E+04
   .334863E+03   .217900E+04   .152452E+04
   .334894E+03   .286400E+04   .141345E+04
   .334925E+03   .286400E+04   .209217E+04
   .334956E+03   .230900E+04   .209765E+04
   .334987E+03   .227200E+04   .201756E+04
   .335019E+03   .296400E+04   .155624E+04
   .335050E+03   .297600E+04   .209706E+04
   .335081E+03   .272500E+04   .221432E+04
   .335112E+03   .242600E+04   .225158E+04
   .335143E+03   .318600E+04   .194306E+04
   .335175E+03   .335300E+04   .218027E+04
   .335206E+03   .315200E+04   .249603E+04
   .335237E+03   .284100E+04   .258610E+04
   .335268E+03   .335300E+04   .245389E+04
   .335299E+03   .364900E+04   .246958E+04
   .335331E+03   .352100E+04   .280615E+04
   .335362E+03   .326400E+04   .291867E+04
   .335393E+03   .376300E+04   .290895E+04
   .335424E+03   .392000E+04   .297821E+04
   .335455E+03   .383200E+04   .303940E+04
   .335486E+03   .386100E+04   .323216E+04
   .335518E+03   .382400E+04   .341656E+04
   .335549E+03   .423000E+04   .367189E+04
   .335580E+03   .416300E+04   .322933E+04
   .335611E+03   .413100E+04   .350566E+04
   .335642E+03   .439300E+04   .420098E+04
   .335674E+03   .500000E+04   .425836E+04
   .335705E+03   .488000E+04   .374146E+04
   .335736E+03   .460200E+04   .402895E+04
   .335767E+03   .531400E+04   .504854E+04
   .335798E+03   .607200E+04   .396665E+04
   .335829E+03   .499500E+04   .455803E+04
   .335861E+03   .587300E+04   .564327E+04
   .335892E+03   .707200E+04   .507372E+04
   .335923E+03   .543200E+04   .481016E+04
   .335954E+03   .624800E+04   .561631E+04
   .335985E+03   .780000E+04   .643878E+04
   .336017E+03   .613600E+04   .502587E+04
   .336048E+03   .646400E+04   .615032E+04
   .336079E+03   .780800E+04   .744953E+04
   .336110E+03   .584500E+04   .565271E+04
   .336141E+03   .699200E+04   .684453E+04
   .336172E+03   .773900E+04   .775732E+04
   .336204E+03   .620100E+04   .681941E+04
   .336235E+03   .772100E+04   .750433E+04
   .336266E+03   .728900E+04   .780836E+04
   .336297E+03   .721900E+04   .846304E+04
   .336328E+03   .784900E+04   .831231E+04
   .336359E+03   .755700E+04   .891956E+04
   .336391E+03   .838700E+04   .943852E+04
   .336422E+03   .741600E+04   .840034E+04
   .336453E+03   .887500E+04   .101703E+05
   .336484E+03   .763200E+04   .955273E+04
   .336515E+03   .889700E+04   .980414E+04
   .336546E+03   .779200E+04   .114237E+05
   .336578E+03   .892000E+04   .958084E+04
   .336609E+03   .876000E+04   .129805E+05
   .336640E+03   .942800E+04   .100849E+05
   .336671E+03   .929600E+04   .132549E+05
   .336702E+03   .966400E+04   .115733E+05
   .336733E+03   .976800E+04   .125435E+05
   .336765E+03   .101280E+05   .126921E+05
   .336796E+03   .103240E+05   .136361E+05
   .336827E+03   .106320E+05   .133544E+05
   .336858E+03   .115520E+05   .134237E+05
   .336889E+03   .138440E+05   .142084E+05
   .336920E+03   .159040E+05   .142730E+05
   .336952E+03   .179360E+05   .161534E+05
   .336983E+03   .231680E+05   .210547E+05
   .337014E+03   .325040E+05   .289031E+05
   .337045E+03   .408480E+05   .398361E+05
   .337076E+03   .356640E+05   .339859E+05
   .337107E+03   .232880E+05   .217912E+05
   .337139E+03   .105680E+05   .905804E+04
   .337170E+03   .545600E+04   .429940E+04
   .337201E+03   .270900E+04   .282232E+04
   .337232E+03   .157100E+04   .214831E+04
   .337263E+03   .124000E+04   .177416E+04
   .337294E+03   .119300E+04   .154108E+04
   .337326E+03   .109700E+04   .138434E+04
   .337357E+03   .101300E+04   .127311E+04
   .337388E+03   .987000E+03   .119068E+04
   .337419E+03   .976000E+03   .112766E+04
   .337450E+03   .947000E+03   .107826E+04
   .337481E+03   .954000E+03   .103869E+04
   .337512E+03   .889000E+03   .100641E+04
   .337544E+03   .881000E+03   .979662E+03
   .337575E+03   .889000E+03   .957259E+03
   .337606E+03   .851000E+03   .938252E+03
   .337637E+03   .848000E+03   .921968E+03
   .337668E+03   .857000E+03   .907870E+03
   .337699E+03   .897000E+03   .895605E+03
   .337730E+03   .805000E+03   .884836E+03
   .337762E+03   .789000E+03   .875350E+03
   .337793E+03   .725000E+03   .866936E+03
   .337824E+03   .768000E+03   .859389E+03
   .337855E+03   .737000E+03   .852627E+03
   .337886E+03   .715000E+03   .846543E+03
   .337917E+03   .736000E+03   .841059E+03
   .337948E+03   .693000E+03   .836047E+03
   .337980E+03   .710000E+03   .831485E+03
   .338011E+03   .681000E+03   .827318E+03
   .338042E+03   .733000E+03   .823532E+03
   .338073E+03   .693000E+03   .820043E+03
   .338104E+03   .667000E+03   .816795E+03
   .338135E+03   .715000E+03   .813799E+03
   .338167E+03   .739000E+03   .811025E+03
   .338198E+03   .672000E+03   .808474E+03
   .338229E+03   .653000E+03   .806064E+03
   .338260E+03   .625000E+03   .803825E+03
   .338291E+03   .643000E+03   .801735E+03
   .338322E+03   .633000E+03   .799807E+03
   .338353E+03   .665000E+03   .797960E+03
   .338384E+03   .664000E+03   .796230E+03
   .338416E+03   .666000E+03   .794610E+03
   .338447E+03   .635000E+03   .793112E+03
   .338478E+03   .656000E+03   .791654E+03
   .338509E+03   .680000E+03   .790284E+03
   .338540E+03   .665000E+03   .788995E+03
   .338571E+03   .664000E+03   .787804E+03
